ctd10 <-
structure(list(station = structure(c(1L, 1L, 1L, 1L, 1L, 1L,
1L, 1L, 1L, 1L), .Label = c("Station.1", "Station.10", "Station.11",
"Station.12", "Station.13", "Station.14", "Station.15", "Station.16",
"Station.17", "Station.18", "Station.19", "Station.2", "Station.20",
"Station.21", "Station.22", "Station.23", "Station.24", "Station.25",
"Station.26", "Station.27", "Station.28", "Station.29", "Station.3",
"Station.30", "Station.31", "Station.32", "Station.33", "Station.34",
"Station.35", "Station.36", "Station.37", "Station.38", "Station.39",
"Station.4", "Station.40", "Station.5", "Station.6", "Station.7",
"Station.8", "Station.9"), class = "factor"), sample_date = structure(c(240L,
191L, 2L, 341L, 85L, 407L, 191L, 148L, 99L, 341L), .Label = c("2010-01-05",
"2010-01-06", "2010-01-07", "2010-01-12", "2010-01-25", "2010-01-28",
"2010-01-31", "2010-02-11", "2010-02-13", "2010-02-17", "2010-02-23",
"2010-02-24", "2010-02-25", "2010-02-26", "2010-03-05", "2010-03-08",
"2010-03-15", "2010-03-16", "2010-03-17", "2010-03-22", "2010-03-28",
"2010-04-01", "2010-04-17", "2010-04-19", "2010-04-23", "2010-04-27",
"2010-05-01", "2010-05-07", "2010-05-10", "2010-05-11", "2010-05-12",
"2010-05-18", "2010-05-24", "2010-06-01", "2010-06-02", "2010-06-03",
"2010-06-10", "2010-06-16", "2010-06-22", "2010-06-27", "2010-07-01",
"2010-07-10", "2010-07-12", "2010-07-13", "2010-07-14", "2010-07-21",
"2010-07-27", "2010-08-02", "2010-08-03", "2010-08-04", "2010-08-13",
"2010-08-18", "2010-08-23", "2010-08-29", "2010-09-02", "2010-09-07",
"2010-09-08", "2010-09-09", "2010-09-15", "2010-09-20", "2010-09-26",
"2010-10-02", "2010-10-07", "2010-10-12", "2010-10-13", "2010-10-14",
"2010-10-20", "2010-10-26", "2010-11-06", "2010-11-10", "2010-11-15",
"2010-11-16", "2010-11-17", "2010-11-23", "2010-11-30", "2010-12-01",
"2010-12-07", "2010-12-08", "2010-12-09", "2010-12-12", "2010-12-17",
"2010-12-28", "2011-01-03", "2011-01-04", "2011-01-05", "2011-01-12",
"2011-01-18", "2011-01-23", "2011-01-31", "2011-02-01", "2011-02-02",
"2011-02-03", "2011-02-05", "2011-02-17", "2011-02-23", "2011-02-28",
"2011-03-01", "2011-03-02", "2011-03-03", "2011-03-12", "2011-03-16",
"2011-03-22", "2011-03-27", "2011-04-01", "2011-04-04", "2011-04-05",
"2011-04-06", "2011-04-13", "2011-04-18", "2011-04-26", "2011-05-07",
"2011-05-10", "2011-05-11", "2011-05-12", "2011-05-19", "2011-05-25",
"2011-05-31", "2011-06-03", "2011-06-06", "2011-06-07", "2011-06-08",
"2011-06-14", "2011-06-20", "2011-06-26", "2011-07-05", "2011-07-06",
"2011-07-07", "2011-07-13", "2011-07-19", "2011-07-25", "2011-07-31",
"2011-08-06", "2011-08-10", "2011-08-19", "2011-08-22", "2011-08-23",
"2011-08-24", "2011-08-30", "2011-09-06", "2011-09-13", "2011-09-14",
"2011-09-15", "2011-09-18", "2011-09-23", "2011-09-28", "2011-10-01",
"2011-10-03", "2011-10-04", "2011-10-05", "2011-10-12", "2011-10-18",
"2011-10-24", "2011-11-04", "2011-11-07", "2011-11-08", "2011-11-09",
"2011-11-15", "2011-11-19", "2011-11-28", "2011-12-02", "2011-12-05",
"2011-12-06", "2011-12-07", "2011-12-15", "2011-12-18", "2011-12-21",
"2012-01-03", "2012-01-04", "2012-01-05", "2012-01-07", "2012-01-19",
"2012-01-25", "2012-01-29", "2012-02-03", "2012-02-06", "2012-02-07",
"2012-02-08", "2012-02-15", "2012-02-21", "2012-02-27", "2012-03-03",
"2012-03-06", "2012-03-07", "2012-03-08", "2012-03-15", "2012-03-21",
"2012-03-27", "2012-04-06", "2012-04-12", "2012-04-18", "2012-04-19",
"2012-04-20", "2012-04-25", "2012-04-29", "2012-05-02", "2012-05-03",
"2012-05-04", "2012-05-07", "2012-05-15", "2012-05-20", "2012-05-30",
"2012-06-02", "2012-06-05", "2012-06-06", "2012-06-07", "2012-06-14",
"2012-06-20", "2012-06-26", "2012-07-01", "2012-07-10", "2012-07-11",
"2012-07-12", "2012-07-18", "2012-07-26", "2012-07-31", "2012-08-04",
"2012-08-10", "2012-08-13", "2012-08-14", "2012-08-15", "2012-08-22",
"2012-08-28", "2012-09-04", "2012-09-05", "2012-09-06", "2012-09-15",
"2012-09-20", "2012-09-26", "2012-09-30", "2012-10-01", "2012-10-02",
"2012-10-05", "2012-10-12", "2012-10-17", "2012-10-25", "2012-10-29",
"2012-11-01", "2012-11-06", "2012-11-07", "2012-11-08", "2012-11-18",
"2012-11-27", "2012-12-01", "2012-12-03", "2012-12-04", "2012-12-05",
"2012-12-10", "2012-12-18", "2012-12-21", "2013-01-05", "2013-01-08",
"2013-01-09", "2013-01-14", "2013-01-15", "2013-01-23", "2013-01-29",
"2013-02-05", "2013-02-06", "2013-02-07", "2013-02-08", "2013-02-10",
"2013-02-14", "2013-02-25", "2013-03-02", "2013-03-05", "2013-03-07",
"2013-03-12", "2013-03-14", "2013-03-20", "2013-03-25", "2013-04-03",
"2013-04-04", "2013-04-05", "2013-04-07", "2013-04-19", "2013-04-25",
"2013-04-30", "2013-05-07", "2013-05-08", "2013-05-09", "2013-05-16",
"2013-05-19", "2013-05-22", "2013-05-28", "2013-06-04", "2013-06-05",
"2013-06-06", "2013-06-13", "2013-06-18", "2013-06-24", "2013-06-29",
"2013-07-03", "2013-07-10", "2013-07-11", "2013-07-12", "2013-07-15",
"2013-07-21", "2013-07-31", "2013-08-09", "2013-08-17", "2013-08-19",
"2013-08-20", "2013-08-21", "2013-08-22", "2013-08-26", "2013-09-03",
"2013-09-04", "2013-09-05", "2013-09-12", "2013-09-18", "2013-09-23",
"2013-09-29", "2013-10-01", "2013-10-02", "2013-10-03", "2013-10-17",
"2013-10-23", "2013-10-29", "2013-10-31", "2013-11-02", "2013-11-06",
"2013-11-07", "2013-11-08", "2013-11-12", "2013-11-18", "2013-11-24",
"2013-12-02", "2013-12-03", "2013-12-05", "2013-12-06", "2013-12-13",
"2013-12-18", "2013-12-23", "2014-01-03", "2014-01-08", "2014-01-12",
"2014-01-23", "2014-01-27", "2014-01-30", "2014-02-05", "2014-02-06",
"2014-02-07", "2014-02-18", "2014-02-22", "2014-02-24", "2014-03-03",
"2014-03-07", "2014-03-12", "2014-03-18", "2014-03-27", "2014-04-04",
"2014-04-12", "2014-04-16", "2014-04-22", "2014-04-30", "2014-05-02",
"2014-05-05", "2014-05-13", "2014-05-14", "2014-05-15", "2014-05-20",
"2014-05-28", "2014-06-07", "2014-06-13", "2014-06-18", "2014-06-29",
"2014-06-30", "2014-07-02", "2014-07-08", "2014-07-14", "2014-07-20",
"2014-07-31", "2014-08-02", "2014-08-05", "2014-08-06", "2014-08-07",
"2014-08-14", "2014-08-20", "2014-08-28", "2014-09-02", "2014-09-08",
"2014-09-14", "2014-09-26", "2014-10-04", "2014-10-10", "2014-10-13",
"2014-10-16", "2014-10-21", "2014-10-29", "2014-11-07", "2014-11-12",
"2014-11-15", "2014-11-17", "2014-11-18", "2014-11-19", "2014-11-25",
"2014-12-03", "2014-12-08", "2014-12-16", "2014-12-19", "2014-12-21",
"2015-01-05", "2015-01-10", "2015-01-15", "2015-01-20", "2015-01-28",
"2015-02-03", "2015-02-04", "2015-02-05", "2015-02-12", "2015-02-18",
"2015-02-22", "2015-02-27", "2015-03-07", "2015-03-11", "2015-03-17",
"2015-03-23", "2015-03-26", "2015-04-02", "2015-04-10", "2015-04-15",
"2015-04-21", "2015-04-28", "2015-05-06", "2015-05-07", "2015-05-08",
"2015-05-15", "2015-05-21", "2015-05-27", "2015-05-31", "2015-06-06",
"2015-06-10", "2015-06-18", "2015-06-22", "2015-07-11", "2015-07-13",
"2015-07-17", "2015-07-22", "2015-07-29", "2015-08-04", "2015-08-05",
"2015-08-06", "2015-08-13", "2015-08-19", "2015-08-25", "2015-08-30",
"2015-09-04", "2015-09-10", "2015-09-15", "2015-09-21", "2015-09-27",
"2015-10-01", "2015-10-07", "2015-10-13", "2015-10-24", "2015-10-26",
"2015-11-07", "2015-11-09", "2015-11-12", "2015-11-13", "2015-11-20",
"2015-11-24", "2015-11-30", "2015-12-04", "2015-12-09", "2015-12-15",
"2015-12-17", "2015-12-21", "2016-01-04", "2016-01-13", "2016-01-19",
"2016-01-28", "2016-02-04", "2016-02-09", "2016-02-10", "2016-02-11",
"2016-02-20", "2016-02-23", "2016-02-29", "2016-03-05", "2016-03-10",
"2016-03-14", "2016-03-20", "2016-03-30", "2016-04-04", "2016-04-08",
"2016-04-13", "2016-04-19", "2016-04-29", "2016-05-05", "2016-05-09",
"2016-05-10", "2016-05-11", "2016-05-16", "2016-05-22", "2016-05-31",
"2016-06-04", "2016-06-16", "2016-06-20", "2016-06-22", "2016-06-27",
"2016-07-07", "2016-07-13", "2016-07-19", "2016-07-25", "2016-07-31",
"2016-08-02", "2016-08-03", "2016-08-04", "2016-08-11", "2016-08-24",
"2016-08-27", "2016-08-30", "2016-09-01", "2016-09-06", "2016-09-14",
